000001100
001000000
000100100
000000000
000101000
011101001
111001010
000000000
010000010
000000001
010101000
110101011
000001111
001000000
000100100
000001100
001000000
001101000
101000110
000010001
001000000
010000100
000010011
001000000
000101000
000000000
000100100
011100110
111000100
000010001
001000000
001101000
000010010
001000000
010001000
000000000
000101000
000001010
011101000
111000101
000010100
001000000
010001000
001001101
000010101
001000000
010001100
000001111
001001100
000010010
001000000
001100000
101001100
110001011
000000111
101101000
101001110
000010100
001000000
001101000
000001100
001000000
010100010
001100000
011101100
111100101
000010010
001000000
001101000
000010101
001000000
001101100
000000001
101101000
000010010
001000000
001100000
100001100
110001111
100101011
000010010
001000000
010001000
000010100
001000000
001101000
000000001
010101000
000010100
001000000
010001000
000001010
110100110
000001001
000101000
000000001
010100100
000010100
001000000
001101100
000001010
011101100
111100111
000000000
000100100
000001100
001000000
011100100
111001000
000010110
001000000
010000100
000001100
001000000
010100100
001101001
000010111
001000000
100001000
000010001
001000000
001100000
101001000
000010110
001000000
001100100
010001001
000010001
001000000
001101000
000010101
001000000
001101100
000000001
101101000
000010001
001000000
001100000
100001100
110001111
100101011
000010001
001000000
010001000
000010110
001000000
001100100
000000001
010100100
000001100
001000000
110101001
