000001011
001000000
001100100
000001110
001000000
010000100
000001001
001000000
001101000
000000000
000100100
011100110
111000000
000001110
001000000
001101000
000001111
001000000
000101100
101001110
110001011
000000111
101101000
101001110
000001100
001000000
000101000
010101001
010001110
000001110
001000000
001101000
000001010
001000000
001100000
001001100
000000001
101101000
000001110
001000000
001100000
100001100
110001111
100101011
000001110
001000000
010001000
000000001
010100100
000001001
001000000
001101000
110100001
000000000
000100100
000010000
001000000
011100100
111000010
001101001
000001110
001000000
001101100
101001110
110001011
000000111
101101000
101001110
000001001
001000000
001101000
000001100
001000000
010100010
010100001
010001100
000001110
001000000
001101000
000001010
001000000
001100000
001001100
000000001
101101000
000001110
001000000
001100000
100001100
110001111
100101011
000001110
001000000
010001000
000000001
010100100
000010000
001000000
110100011
